Student bs2501 got 46 90 24 64 148 153 97 157 110 37 
Student bs2502 got 153 28 53 139 19 121 132 125 57 75 
Student bs2503 got 116 119 29 38 60 132 23 71 149 3 
Student bs2504 got 115 52 139 107 53 116 81 106 93 18 
Student bs2505 got 36 8 35 155 58 94 75 102 88 57 
Student bs2506 got 147 111 89 70 42 101 96 5 108 145 
Student bs2507 got 66 63 101 3 140 137 89 131 32 46 
Student bs2508 got 144 128 124 157 154 95 94 14 3 98 
Student bs2509 got 23 135 61 2 89 33 55 107 76 102 
Student bs2510 got 136 125 139 63 24 13 85 34 28 145 
Student bs2512 got 72 50 49 134 74 143 154 23 55 109 
Student bs2513 got 1 70 152 109 130 140 49 75 154 110 
Student bs2514 got 6 9 55 125 5 52 75 130 124 71 
Student bs2515 got 106 135 36 58 10 142 144 138 128 114 
Student bs2516 got 34 147 41 127 85 6 2 49 65 150 
Student bs2517 got 74 98 17 113 119 78 134 106 44 33 
Student bs2518 got 154 157 26 136 135 132 110 15 119 33 
Student bs2519 got 36 100 56 39 21 86 143 98 70 119 
Student bs2520 got 12 17 33 55 155 112 42 115 60 118 
Student bs2521 got 128 131 84 33 53 123 49 148 93 95 
Student bs2522 got 47 113 16 156 138 57 3 86 107 111 
Student bs2523 got 76 9 123 27 32 7 23 41 153 100 
Student bs2524 got 133 63 48 50 152 101 99 23 141 39 
Student bs2525 got 87 25 146 36 78 31 62 102 11 13 
Student bs2526 got 105 147 118 38 11 71 48 32 8 51 
Student bs2527 got 144 132 50 34 21 70 51 77 99 43 
Student bs2528 got 108 142 50 103 1 58 89 91 31 47 
Student bs2529 got 124 52 13 97 82 126 133 121 53 14 
Student bs2530 got 144 134 1 73 11 35 66 72 102 88 
Student bs2531 got 137 150 74 125 123 51 52 19 120 27 
Student bs2532 got 74 108 156 40 79 72 140 148 92 100 
Student bs2533 got 6 122 99 127 7 133 91 13 68 1 
Student bs2534 got 61 46 134 64 131 16 19 47 78 51 
Student bs2535 got 130 71 100 56 73 153 38 107 48 43 
Student bs2536 got 106 114 42 83 63 69 4 112 126 61 
Student bs2537 got 151 147 145 54 73 86 149 11 15 140 
Student bs2538 got 104 128 82 80 117 37 36 69 139 12 
Student bs2539 got 68 93 136 42 28 62 87 123 44 59 
Student bs2540 got 79 24 57 84 56 103 15 95 2 39 
Student bs2541 got 152 15 38 48 127 81 92 77 91 72 
Student bs2542 got 24 68 9 126 6 151 26 65 30 135 
Student bs2543 got 37 5 141 87 39 60 65 35 30 1 
Student bs2544 got 80 67 152 64 95 13 43 120 122 91 
Student bs2545 got 113 59 103 118 81 20 3 40 115 130 
Student bs2546 got 157 85 39 156 21 17 44 14 133 73 
Student bs2547 got 68 9 113 10 137 112 142 24 98 41 
Student bs2548 got 77 7 9 21 155 96 54 101 2 145 
Student bs2549 got 110 112 99 80 21 86 105 78 19 66 
Student bs2550 got 93 15 92 65 109 114 45 67 41 25 
Student bs2551 got 137 149 59 148 108 81 121 97 116 146 
Student bs2552 got 143 32 20 103 67 111 7 8 58 122 
Student bs2553 got 28 17 118 46 5 97 20 150 47 92 
Student bs2554 got 31 138 44 54 56 22 20 19 10 146 
Student bs2555 got 150 6 34 32 7 67 129 79 156 77 
Student bs2556 got 66 90 126 4 45 59 10 127 122 16 
Student bs2557 got 82 85 83 4 131 45 2 11 149 115 
Student bs2558 got 136 96 109 143 146 105 142 10 4 129 
Student bs2559 got 4 82 116 79 96 38 80 83 129 22 
Student bs2560 got 83 129 16 37 121 17 69 64 31 41 
Student bs2561 got 16 5 88 18 60 151 155 87 84 54 
Student bs2562 got 29 30 45 141 37 124 114 35 120 20 
Student bs2563 got 25 18 35 111 104 28 29 30 69 84 
Student bs2415 got 29 30 120 151 94 141 12 27 31 34 
Student bs2416 got 18 29 138 90 25 88 117 43 76 61 
Student bs2421 got 76 22 90 25 62 26 40 94 12 104 
Student bs2423 got 104 26 42 27 12 105 14 62 22 18 
Student bs2445 got 117 27 40 22 8 26 14 18 154 73 
