0.06 3.14 -2.83
1.02 0.05 1.67
0.31 0.51 0.21
-0.34 -1.09 0.48
0.24 0.66 -0.35
-1.24 1.07 -3.11
0.22 -1.04 1.65
-0.38 1.58 -2.85
-0.27 1.76 -2.04
-0.48 -0.16 -0.54
0.91 -0.95 2.73
-0.31 0.70 -1.19
-0.75 -1.32 -0.25
-0.11 -3.44 3.22
-0.22 0.24 -0.36
0.46 4.01 -3.25
0.12 3.97 -4.04
-0.43 -2.43 1.44
0.73 -0.59 1.97
-0.00 -0.45 0.42
-0.29 2.19 -3.00
0.11 0.78 -0.39
0.24 0.42 0.02
0.22 -2.59 2.95
-0.68 0.21 -1.28
-0.61 -0.85 -0.46
0.24 1.23 -0.33
0.00 -0.72 0.57
0.31 2.62 -2.19
-0.65 1.52 -2.52
-0.90 -3.25 1.71
0.35 -0.00 0.23
0.31 -1.78 2.43
0.64 3.58 -2.46
1.13 2.83 -0.48
-0.73 -0.21 -1.15
1.35 0.81 1.74
0.55 2.04 -0.72
0.06 -1.98 2.38
0.32 0.96 -0.45
-0.66 2.40 -4.13
0.01 -1.02 1.02
-0.31 -2.80 2.09
0.62 2.34 -1.20
-0.90 -0.16 -1.99
0.83 0.31 1.14
-0.46 -1.99 0.84
-0.27 1.97 -2.51
-0.54 -1.55 0.71
1.28 0.82 1.56
-0.64 -0.86 -0.08
-0.63 -0.47 -0.64
0.20 0.05 0.68
-0.19 -4.31 4.01
0.34 0.15 0.54
0.01 -1.15 1.09
-0.19 2.90 -2.81
-0.25 0.30 -0.69
-0.16 -0.26 -0.06
0.52 0.28 0.97
-1.04 -3.62 1.66
-0.72 -1.70 0.26
0.24 2.78 -2.29
0.17 -1.52 1.79
0.63 0.71 0.53
-0.24 1.65 -2.11
-1.78 -1.15 -2.25
-0.70 -1.53 0.42
-0.12 -0.28 0.17
0.83 1.03 0.68
0.83 -0.38 1.95
1.37 1.30 1.40
-0.33 -0.68 -0.06
0.50 3.39 -2.69
-0.07 -1.21 1.52
0.32 -1.82 1.57
0.01 0.30 -0.53
-0.39 -0.79 0.04
-0.36 1.05 -1.45
-1.04 -1.63 -0.68
-0.19 -0.84 0.55
0.16 -1.24 1.58
0.01 0.53 -0.54
-0.87 -0.95 -0.87
-0.88 -0.38 -1.62
-0.13 -0.77 0.51
-0.02 -0.75 0.57
-0.21 2.33 -2.35
-0.70 -1.46 0.10
0.06 1.42 -1.48
-0.10 -0.04 0.19
0.57 1.24 -0.20
0.46 1.40 -0.23
0.03 -0.91 1.06
0.33 2.17 -0.86
-0.37 0.82 -1.30
-0.81 -1.41 -0.26
0.63 0.97 0.17
0.08 2.55 -2.40
-0.41 0.28 -0.74
