Runs
11
50
9
165
78
62
28
104
142
96
6
34
85
4
0
10
0
42
7
61
36
4
155
79
6
29
15
44
18
DNB
122
39
10
10
126
17
74
36
88
DNB
176
36
42
117
0
193
35
43
16
1
37
194
1
5
55
20
32
248
36
52
52
109
16
23
19
4
DNB
44
14
122
91
1
1
56
71
13
5
31
88
10
109
12
37
103
160
DNB
40
53
105
16
143
DNB
106
41
54
98
38
214
53
61
13
6
7
76
38
19
17
27
13
DNB
81
13
7
37
21
32
1
10
74
0
24
10
27
16
7
15
40
6
17
114
5
6
0
40
10
24
122
18
2
15
4
169
9
92
4
177
31
34
7
47
113
0
136
0
9
61
0
116
52
45
4
97
8
21
20
76
65
20
69
155
15
0
8
41
86
16
12
8
51
9
32
0
44
2
8
8
2
41
16
23
26
1
34
63
0
64
14
62
15
154
12
27
12
6
14
7
100
8
84
36
111
34
12
16
56
1
40
23
91
73
32
41
80
15
8
25
13
8
8
76
5
15
DNB
59
8
41
35
57
88
5
DNB
68
119
21
148
0
11
111
1
73
DNB
TDNB
71
43
11
179
54
52
2
31
177
74
35
9
7
15
88
DNB
83
143
139
8
23
15
148
13
67
DNB
53
124
18
126
217
15
201
1
22
103
26
90
79
0
34
92
54
36
176
8
7
55
1
0
DNB
241
60
3
94
DNB
22
DNB
14
DNB
16
28
101
31
37
16
82
1
82
DNB
153
13
0
13
49
68
47
11
5
49
64
62
9
4
100
203
40
12
13
DNB
146
14
94
3
2
81
13*
7
37
21
32
1
10
74
0
0
36
10
20
19
31
36
53
30
DNB
4
53
52
22
11
49
0
62
4
1
1
36
57
48
21
77
31
57
4
69
35
DNB
11
54
81
4
84
14
39
15
10
22
21
32
23
21
82
1
3
24
5
34
3
8
DNB
21
15
25
26
2
24
3
15
28
1
11
52
15
82
63
40
63
73
6
24
11
6
110
0
0
0
8
115
34
62
66
54
88
105
13
37
47
48
4
112
41
30
39
7
65
1
127
70
90
137
3
31
65
28
100
1
2
118
17
57
30
6
1
110
40
7
89
20
2
3
23
11
88
64
28
62
67
114
0
6
1
14
41
104
32
45
13
44
65
9
1
117
2
4
21
TDNB
28
53
27
6
27
39
17
25
TDNB
0
6
51
2
21
7
91
3
1
82
TDNB
6
54
67
95
1
41
8
5
100
1
15
40
80
38
143
134
33
18
100
65
53
17
TDNB
128
77
127
29
2
141
8
3
118
18
11
124
0
23
45
5
28
140
2
22
0
45
16
14
37
120
85
40
0
32
186
1
2
0
13
12
1
93
41
18
17
3
26
21
12
122
93
5
11
10
39
36
93
25
25
38
39
69
101
8
4
61
5
44
8
146
62
27
35
32
139
62
12
70
9
81
122
0
101
38
DNB
3
37
146
17
36
45
68
87
18
12
34
65
1
49
105
19
36
113
14
7
9
16
DNB
7
0
1
1
52
36
81
152
50
98
5
97
15
83
4
48
100
68
14
89
102
45
63
44
86
5
3
8
27
28
141
0
7
37
18
11
82
78
18
74
16
19
47
4
2
6
123
1
9
93
67
2
11
19
39
2
2
2
30
100
42
95
0
2
141
12
65
4
35
29
10
35
2
1
55
31
0
60
100
TDNB
54
1
7
57
0
4
99
93
8
17
99
8
55
71
94
30
0
16
43
79
47
72
21
4
99
29
97
30
10
35
44
32
5
0
2
63
117
91
11
50
5
6
7
20
61
163
46
27
138
8
TDNB
14
4
32
40
175
10
69
43
96
8
4
200
7
24
28
120
38
27
111
2
53
85
18
2
48
15
3
22
14
39
6
114
52
