0.051157
1.464738
0.499486
0.721583
0.115075
0.271682
0.784237
3.989788
0.196736
0.810348
0.485430
0.233273
0.081413
0.303531
1.735760
0.902126
0.066707
0.086752
0.890939
0.112442
2.849188
1.041661
0.206819
4.619137
1.974067
1.595707
1.615850
0.504525
1.301263
1.615384
4.181608
0.291977
0.809464
0.070621
0.763582
0.870721
0.166974
0.644067
1.596288
0.397292
0.176596
3.930212
0.383786
0.968951
0.184168
0.687537
0.343235
0.846549
1.188699
1.662555
1.642834
0.382398
1.194800
0.613091
1.891317
0.359682
0.971875
0.150809
0.158228
0.521612
0.700066
0.105617
0.196466
0.438644
0.200924
0.415171
1.073030
1.238820
1.075305
0.627211
0.318673
1.173475
0.176145
0.565506
0.993135
0.352768
0.604091
0.809950
0.364466
0.475925
0.229638
0.044115
0.648957
0.127672
1.754717
0.020461
1.303987
1.377020
0.132684
0.304752
1.991293
4.443333
0.112164
1.613757
1.208239
0.413332
1.257343
0.756674
2.736741
0.011734
0.539925
0.859211
0.662595
1.096760
0.837233
1.487442
0.545060
0.273957
0.635212
0.445465
1.565089
0.968062
0.244203
0.384420
0.774151
0.565935
0.230407
2.827128
0.506055
2.990371
0.878574
1.187448
0.134255
4.199072
0.264030
0.029589
0.009967
0.237164
0.824034
0.696530
1.541951
0.440845
1.139323
0.040719
0.319335
0.886846
0.294954
1.316965
0.821153
0.068943
0.380774
1.548532
0.175261
0.463967
2.011613
1.574395
0.498899
0.462213
0.992964
0.553128
0.795346
3.125947
3.605085
1.162559
4.353433
0.957198
0.381091
2.376851
3.342787
0.490377
0.496692
4.150292
4.113226
1.660339
0.532869
2.854561
1.000847
0.459735
0.331795
0.367202
2.475998
0.788876
0.816834
1.040578
1.873362
0.392088
0.357799
0.318129
0.737341
0.589072
2.111575
0.796834
0.334239
0.113346
1.297908
1.367397
0.144328
1.459509
0.217072
0.096073
1.461474
1.429985
3.000655
2.546135
0.445014
1.656076
0.169757
1.749273
1.767304
0.005721
0.821456
1.078669
1.157670
1.007643
0.933336
0.525051
2.122377
3.266785
0.779581
0.139415
0.068026
1.330106
1.830706
0.135986
1.435988
0.437217
0.033673
0.408072
0.138824
4.612466
1.987702
0.199969
0.843584
0.116172
0.308010
0.374950
1.060993
1.795558
1.860386
1.654873
0.861681
0.155513
0.712840
0.203421
0.774857
0.782297
0.796978
0.886200
0.103573
5.187861
1.212658
3.012624
0.366465
0.430619
0.017159
0.592988
0.916107
1.615514
0.469682
0.310115
0.978471
4.617601
0.867839
0.282801
0.230833
0.083428
0.168748
1.000344
0.476744
0.312963
1.640448
0.100028
0.563513
0.459198
1.450671
0.600054
0.070870
1.093036
0.422310
0.936738
0.466307
0.357990
0.923356
0.882786
0.422795
0.177232
0.989916
0.855071
0.519760
0.569623
0.333318
0.670776
0.253086
0.714687
1.682522
0.355768
0.017442
0.214881
0.351591
0.723681
2.166196
0.408185
1.006834
1.965795
0.567797
0.194789
0.394601
0.000553
0.039119
2.832557
1.020787
0.600545
1.340291
0.515261
3.010278
0.560265
0.355451
0.038441
0.286991
0.301114
0.839623
0.455287
0.219368
2.478356
0.056081
0.087802
0.507519
1.372153
0.135303
0.666699
0.311086
0.862213
0.039396
2.630267
0.591660
1.231057
0.153194
1.091373
0.385363
2.929113
1.030985
0.696544
0.833696
0.575438
0.483500
2.177363
0.107305
0.281632
0.234302
0.204626
0.400472
1.605065
1.297961
0.468030
0.622033
2.821711
2.419549
1.304500
0.893863
0.746461
0.095422
0.517100
1.111833
0.737738
0.515552
1.823567
0.186963
0.044869
0.518273
3.549180
0.208110
0.494110
0.354545
2.383836
0.855927
0.979293
1.794840
0.182540
0.175974
0.794927
0.044369
1.916281
0.139339
0.262097
0.811567
0.477036
0.049517
0.446272
1.397041
1.042132
1.672056
0.712036
0.893370
0.768894
0.492751
2.642705
1.157470
0.496950
1.742854
0.476380
1.402587
0.532120
0.681113
0.766193
0.613562
0.059403
1.073649
0.911790
1.178669
0.887781
1.251976
0.931081
0.687136
0.325758
1.183489
2.187796
0.813531
0.761935
4.222027
0.409395
0.322879
1.267148
1.340103
0.344646
0.243526
0.013939
0.747936
0.102233
0.796158
0.217513
0.187699
1.794142
0.931643
0.652471
0.331113
0.563542
0.774778
0.808991
2.433325
0.813095
1.004303
1.195562
0.160351
0.275122
0.051547
0.583507
4.252191
0.517218
0.203089
0.023174
1.505492
0.351426
0.649971
0.069460
0.337777
1.478239
0.799303
1.759100
0.031676
1.033622
3.014980
0.280589
0.111141
1.251240
1.381504
0.069633
2.032692
0.061004
0.354031
0.165256
1.564122
0.787256
2.512396
0.161199
0.576167
1.141636
0.981098
0.141799
0.988388
2.607887
1.610248
3.005918
0.567908
2.104351
0.649874
2.145067
0.261471
0.980680
0.194329
3.065379
0.514310
0.052188
1.242029
0.117846
2.286855
2.728541
1.451154
0.069245
2.762593
1.330982
0.000468
1.551226
0.696333
1.236192
0.396375
0.042917
0.265853
0.406280
2.032979
2.349540
4.208790
1.244124
0.202445
0.014623
4.053431
0.199192
0.476201
0.579422
1.410458
0.196006
1.334796
0.282848
0.416054
1.541486
0.507304
0.502631
0.416271
1.696284
0.451697
1.770140
0.616925
0.472576
0.377038
0.389573
0.131442
4.351265
1.169886
0.249643
1.179944
0.076149
0.387547
2.599355
2.649746
4.428660
1.482128
0.661160
0.780440
0.352109
0.540454
0.674903
2.599784
1.643841
0.968626
1.285781
0.260220
1.158585
0.449114
0.013524
0.687412
0.053714
0.188711
0.086040
2.179661
0.208100
0.096222
1.855491
2.102761
0.270934
0.326007
0.428263
0.282333
0.410736
0.123871
1.301375
0.868852
1.546493
3.335411
2.511287
0.161852
1.078211
0.763237
0.090184
1.475883
0.148448
0.420652
0.115206
0.717146
0.007382
0.985303
0.632281
1.707512
0.689266
0.862288
0.414868
0.395040
0.043607
1.650959
2.196277
0.570834
0.031319
3.740431
0.139014
3.616500
0.654833
1.648743
0.334509
1.383607
0.068424
1.986393
0.650811
0.110706
0.059339
1.093376
0.826990
0.752566
1.901728
1.996098
0.630176
0.320496
0.919538
1.026054
1.254286
0.140832
0.467746
1.422244
0.022162
0.445505
1.470334
0.383701
0.406731
2.004572
3.794538
1.338650
2.149734
2.669047
0.159077
1.712963
3.429024
0.309347
0.622657
1.287247
0.998428
4.351590
0.117426
0.143847
1.369449
0.563031
1.837187
0.520263
1.105335
0.417620
0.146606
0.566297
0.019712
0.233407
1.879977
0.182689
1.650972
0.447872
0.401971
0.258657
0.968064
0.817384
0.727614
0.497407
1.737296
6.201909
0.235439
0.666294
1.545387
2.268669
1.849367
0.897678
0.897084
2.943279
0.059946
1.897309
0.956139
1.167774
1.780615
0.109092
1.130956
0.309251
0.889395
0.916806
0.682163
1.776048
0.644842
0.444410
4.122899
0.178109
0.218825
0.359844
0.772433
2.493593
0.197577
1.644961
0.808884
4.346055
1.175250
0.133130
0.180013
1.099327
0.127032
0.734622
0.578361
0.484657
0.412642
0.483481
0.378132
0.673045
0.336927
0.663185
0.501097
0.033864
0.195872
1.146488
0.531544
2.038671
1.369027
0.219362
0.403698
4.295750
0.577002
0.788423
0.099876
1.265285
2.732840
0.741095
0.016422
0.080831
0.577685
0.427213
0.257891
2.242659
6.836956
0.612925
4.982370
0.795540
1.631366
0.239345
0.480357
4.165564
0.115575
0.272198
0.097574
0.276322
0.965665
1.105302
0.685023
0.571693
0.265011
0.248631
0.725468
0.220381
0.752871
1.595738
0.545391
0.405715
0.390431
0.059207
0.261172
0.304619
0.143568
0.009093
0.685323
0.463488
0.232424
0.801514
0.645582
1.763328
2.035113
1.519683
2.249229
1.955980
0.783141
0.238088
1.269173
1.492603
0.095548
4.915937
0.529772
0.612272
0.425376
1.160163
1.464650
0.876917
1.207985
0.396848
0.063731
1.069594
0.574542
2.129569
1.777731
1.276918
0.585523
0.722392
0.048956
1.461359
0.736768
0.641461
0.232284
1.645025
0.094750
0.080997
4.322523
0.264552
0.054094
0.206648
0.079227
1.614464
0.394122
0.075691
1.067647
0.520046
0.485341
5.691634
0.018151
0.105902
0.367075
0.821768
0.355215
0.494764
1.204354
0.155441
2.188612
1.232508
2.328449
0.922691
1.098674
0.057381
0.176075
1.353140
3.148927
5.135384
0.554398
0.295846
0.214641
0.450090
1.381222
1.935719
0.428399
0.055421
0.203480
0.072305
1.171372
1.313724
0.622780
1.812299
1.555954
1.528724
0.428033
2.941695
1.472766
0.404318
1.168176
1.182104
0.327560
0.046666
2.031502
2.684185
2.077625
1.794844
0.092754
1.993188
0.482894
1.313112
1.511114
0.338413
0.599663
0.060442
1.109072
0.350286
0.058238
0.541982
0.127658
0.288200
0.968592
0.320810
1.815244
0.044783
1.628474
0.253355
0.488908
1.818431
3.472026
1.242614
0.029363
0.050768
1.478200
0.042359
0.385871
2.900982
0.511090
0.933574
1.535416
1.701555
2.567149
4.903078
0.237264
4.029252
0.130175
1.042586
0.325537
0.032058
1.860030
1.814278
1.160283
3.527388
1.028270
3.604891
0.231091
0.000770
2.205109
0.473849
2.020631
1.171087
2.004054
1.499121
0.924961
2.001418
1.422715
0.075245
0.938790
0.670872
2.376273
3.830493
1.835493
0.168992
0.128796
1.676703
0.008733
0.339635
0.137695
0.734738
0.701169
1.246422
2.797842
1.337627
1.680606
0.086550
2.093308
4.309119
0.995089
0.358618
0.117268
0.521262
1.853480
1.149834
1.455021
4.776900
0.924061
0.430986
2.465097
0.262912
0.030767
0.335756
0.245949
1.437314
1.631015
1.334788
0.337173
0.022655
0.450794
0.605275
0.164807
0.220525
0.403009
0.399012
0.197666
0.029972
0.719645
0.201543
0.443835
1.183029
0.414104
1.027174
0.063793
0.718123
2.397002
0.394771
0.663821
1.506975
0.321571
2.684628
0.036535
1.571870
1.825617
0.449070
8.385407
1.091737
1.290621
3.111648
2.365562
0.891604
0.202248
0.138668
3.791793
0.318585
0.164864
0.316630
0.045941
0.421059
0.297995
1.064309
0.123273
1.057727
2.822171
0.330708
0.042684
