-0.432565
-1.665584
0.125332
0.287676
-1.146471
1.190915
1.189164
-0.037633
0.327292
0.174639
-0.186709
0.725791
-0.588317
2.183186
-0.136396
0.113931
1.066768
0.059281
-0.095648
-0.832349
0.294411
-1.336182
0.714325
1.623562
-0.691776
0.857997
1.254001
-1.593730
-1.440964
0.571148
-0.399886
0.689997
0.815622
0.711908
1.290250
0.668601
1.190838
-1.202457
-0.019790
-0.156717
-1.604086
0.257304
-1.056473
1.415141
-0.805090
0.528743
0.219321
-0.921902
-2.170674
-0.059188
-1.010634
0.614463
0.507741
1.692430
0.591283
-0.643595
0.380337
-1.009116
-0.019511
-0.048221
0.000043
-0.317859
1.095004
-1.873990
0.428183
0.895638
0.730957
0.577857
0.040314
0.677089
0.568900
-0.255645
-0.377469
-0.295887
-1.475135
-0.234004
0.118445
0.314809
1.443508
-0.350975
0.623234
0.799049
0.940890
-0.992092
0.212035
0.237882
-1.007763
-0.742045
1.082295
-0.131500
0.389880
0.087987
-0.635465
-0.559573
0.443653
-0.949904
0.781182
0.568961
-0.821714
-0.265607
-1.187777
-2.202321
0.986337
-0.518635
0.327368
0.234057
0.021466
-1.003944
-0.947146
-0.374429
-1.185886
-1.055903
1.472480
0.055744
-1.217317
-0.041227
-1.128344
-1.349278
-0.261102
0.953465
0.128644
0.656468
-1.167819
-0.460605
-0.262440
-1.213152
-1.319437
0.931218
0.011245
-0.645146
0.805729
0.231626
-0.989760
1.339586
0.289502
1.478917
1.138028
-0.684139
-1.291936
-0.072926
-0.330599
-0.843628
0.497770
1.488490
-0.546476
-0.846758
-0.246337
0.663024
-0.854197
-1.201315
-0.119869
-0.065294
0.485296
-0.595491
-0.149668
-0.434752
-0.079330
1.535152
-0.606483
-1.347363
0.469383
-0.903567
0.035880
-0.627531
0.535398
0.552884
-0.203690
-2.054325
0.132561
1.592941
1.018412
-1.580402
-0.078662
-0.681657
-1.024553
-1.234353
0.288807
-0.429303
0.055801
-0.367874
-0.464973
0.370961
0.728283
2.112160
-1.357298
-1.022610
1.037834
-0.389800
-1.381266
0.315543
1.553243
0.707894
1.957385
0.504542
1.864529
-0.339812
-1.139779
-0.211123
1.190245
-1.116209
0.635274
-0.601412
0.551185
-1.099840
0.085991
-2.004563
-0.493088
0.462048
-0.321005
1.236556
-0.631280
-2.325211
-1.231637
1.055648
-0.113224
0.379224
0.944200
-2.120427
-0.644679
-0.704302
-1.018137
-0.182082
1.521013
-0.038439
1.227448
-0.696205
0.007524
-0.782893
0.586939
-0.251207
0.480136
0.668155
-0.078321
0.889173
2.309287
0.524639
-0.011787
0.913141
0.055941
-1.107070
0.485498
-0.005005
-0.276218
1.276452
1.863401
-0.522559
0.103424
-0.807649
0.680439
-2.364590
0.990115
0.218899
0.261662
1.213444
-0.274667
-0.133134
-1.270500
-1.663606
-0.703554
0.280880
-0.541209
-1.333531
1.072686
-0.712085
-0.011286
-0.000817
-0.249436
0.396575
-0.264013
-1.664011
-1.028975
0.243095
-1.256590
-0.347183
-0.941372
-1.174560
-1.021142
-0.401667
0.173666
-0.116118
1.064119
-0.245386
-1.517539
0.009734
0.071373
0.316536
0.499826
1.278084
-0.547816
0.260808
-0.013177
-0.580264
2.136308
-0.257617
-1.409528
1.770101
0.325546
-1.119040
0.620350
1.269782
-0.896043
0.135175
-0.139040
-1.163395
1.183720
-0.015430
0.536219
-0.716429
-0.655559
0.314363
0.106814
1.848216
-0.275106
2.212554
1.508526
-1.945079
-1.680543
-0.573534
-0.185817
0.008934
0.836950
-0.722271
-0.721490
-0.201181
-0.020464
0.278890
1.058295
0.621673
-1.750615
0.697348
0.811486
0.636345
1.310080
0.327098
-0.672993
-0.149327
-2.449018
0.473286
0.116946
-0.591104
-0.654708
-1.080662
-0.047731
0.379345
-0.330361
-0.499898
-0.035979
-0.174760
-0.957265
1.292548
0.440910
1.280941
-0.497730
-1.118717
0.807650
0.041200
-0.756209
-0.089129
-2.008850
1.083918
-0.981191
-0.688489
1.339479
-0.909243
-0.412858
-0.506163
1.619748
0.080901
-1.081056
-1.124518
1.735676
1.937459
1.635068
-1.255940
-0.213538
-0.198932
0.307499
-0.572325
-0.977648
-0.446809
1.082092
2.372648
0.229288
-0.266623
0.701672
-0.487590
1.862480
1.106851
-1.227566
-0.669885
1.340929
0.388083
0.393059
-1.707334
0.227859
0.685633
-0.636790
-1.002606
-0.185621
-1.054033
-0.071539
0.279198
1.373275
0.179841
-0.542017
1.634191
0.825215
0.230761
0.671634
-0.508078
0.856352
0.268503
0.624975
-1.047338
1.535670
0.434426
-1.917136
0.469940
1.274351
0.638542
1.380782
1.319843
-0.909429
-2.305605
1.788730
0.390798
0.020324
-0.405977
-1.534895
0.221373
-1.374479
-0.839286
-0.208643
0.755913
0.375734
-1.345413
1.481876
0.032736
1.870453
-1.208991
-0.782632
-0.767299
-0.107200
-0.977057
-0.963988
-2.379172
-0.838188
0.257346
-0.183834
-0.167615
-0.116989
0.168488
-0.501206
-0.705076
0.508165
-0.420922
0.229133
-0.959497
-0.146043
0.744538
-0.890496
0.139062
-0.236144
-0.075459
-0.358572
-2.077635
-0.143546
1.393341
0.651804
-0.377134
-0.661443
0.248958
-0.383516
-0.528480
0.055388
1.253769
-2.520004
0.584856
-1.008064
0.944285
-2.423957
-0.223831
0.058070
-0.424614
-0.202918
-1.513077
-1.126352
-0.815002
0.366614
-0.586107
1.537409
0.140072
-1.862767
-0.454193
-0.652074
0.103318
-0.220632
-0.279043
-0.733662
-0.064534
-1.444004
0.612340
-1.323503
-0.661577
-0.146115
0.248085
-0.076633
1.738170
1.621972
0.626436
0.091814
-0.807607
-0.461337
-1.405969
-0.374530
-0.470911
1.751296
0.753225
0.064989
-0.292764
0.082823
0.766191
2.236850
0.326887
0.863304
0.679387
0.554758
1.001630
1.259365
0.044151
-0.314138
0.226708
0.996692
1.215912
-0.542702
0.912228
-0.172141
-0.335955
0.541487
0.932111
-0.570253
-1.498605
-0.050346
0.553025
0.083498
1.577524
-0.330774
0.795155
-0.784800
-1.263121
0.666655
-1.392632
-1.300562
-0.605022
-1.488565
0.558543
-0.277354
-1.293685
-0.888435
-0.986520
-0.071618
-2.414591
-0.694349
-1.391389
0.329648
0.598544
0.147175
-0.101439
-2.634981
0.028053
-0.876310
-0.265477
-0.327578
-1.158247
0.580053
0.239756
-0.350885
0.892098
1.578299
-1.108174
-0.025931
-1.110628
0.750834
0.500167
-0.517261
-0.559209
-0.753371
0.925813
-0.248520
-0.149835
-1.258415
0.312620
2.690277
0.289696
-1.422803
0.246786
-1.435773
0.148573
-1.693073
0.719188
1.141773
1.551936
1.383630
-0.758092
0.442663
0.911098
-1.074086
0.201762
0.762863
-1.288187
-0.952962
0.778175
-0.006331
0.524487
1.364272
0.482039
-0.787066
0.751999
-0.166888
-0.816228
2.094065
0.080153
-0.937295
0.635739
1.682028
0.593634
0.790153
0.105254
-0.158579
0.870907
-0.194759
0.075474
-0.526635
-0.685484
-0.268388
-1.188346
0.248579
0.102452
-0.041007
-2.247582
-0.510776
0.249243
0.369197
0.179197
-0.037283
-1.603310
0.339372
-0.131135
0.485190
0.598751
-0.086031
0.325292
-0.335143
-0.322449
-0.382374
-0.953371
0.233576
1.235245
-0.578532
-0.501537
0.722864
0.039498
1.541279
-1.701053
-1.033741
-0.763708
2.176426
0.431612
-0.443765
0.029996
-0.315671
0.977846
0.018295
0.817963
0.702341
-0.231271
-0.113690
0.127941
-0.799410
-0.238612
-0.089463
-1.023264
0.937538
-1.131719
-0.710702
-1.169501
1.065437
-0.680394
-1.725773
0.813200
1.441867
0.672272
0.138665
-0.859534
-0.752251
1.229615
1.150754
-0.608025
0.806158
0.217133
-0.373461
-0.832030
0.286866
-1.818892
-1.573051
2.015666
-0.071982
2.628909
-0.243317
0.173276
0.923207
-0.178553
-0.521705
1.431962
-0.870117
0.807542
-0.510635
0.743514
0.847898
-0.829901
0.532994
1.032848
-1.052024
0.362114
-0.036787
-1.227636
-0.275099
-0.160435
-1.083575
-1.954213
-0.909487
-0.005579
-1.723490
1.263077
-0.600433
-2.063925
0.110911
1.487614
0.053002
0.161981
-0.026878
0.173576
0.882168
0.182294
0.755295
0.508035
0.131880
0.280104
-0.982848
-0.944087
-0.013058
0.354345
-0.894709
0.812111
0.109537
2.731644
0.411079
-1.306862
0.383806
0.499504
-0.510786
0.234922
-0.597825
0.020771
0.419443
1.191104
0.771214
-2.644222
0.285430
0.826093
-0.008122
0.858438
0.774788
1.305945
1.231503
0.958564
-1.654548
-0.990396
0.685236
-0.974870
-0.606726
0.686794
0.020049
1.063801
-1.341050
0.479510
-1.633974
-1.442665
0.293781
-0.140364
-1.130341
-0.292538
-0.582536
-0.896348
0.248601
-1.489663
0.313509
-2.025084
0.528990
0.343471
0.758193
-0.691940
0.680179
-1.072541
0.899772
-2.123092
0.284712
-0.733323
-0.773376
0.151842
-0.336843
0.970761
-0.107236
1.013492
-0.475347
0.068948
0.398592
1.116326
0.620451
-0.287674
-1.371773
-0.685868
0.331685
-0.997722
0.291418
1.107078
0.244959
0.164976
0.406231
1.215981
1.448424
-1.025137
0.205418
0.588882
-0.264024
2.495318
0.855948
-0.850954
0.811879
0.700242
0.759938
-1.712909
1.537021
-1.609847
1.109526
-1.109704
0.385469
0.965231
0.818297
0.037049
-0.926012
-0.111919
-0.803030
-1.665006
-0.901401
0.588350
0.554159
-0.415173
0.061795
0.457432
0.199014
0.257558
2.080730
-2.277237
0.339022
0.289894
0.662261
-0.580860
0.887752
0.171871
0.848821
0.963769
1.321918
-0.064345
1.317053
0.228017
-1.429637
-0.149701
-0.504968
-1.729141
-0.417472
-0.614969
0.720777
0.339364
0.882845
0.284245
-0.145541
-0.089646
0.289161
1.164831
0.805729
-1.355643
0.120893
-0.222178
0.571732
-0.300140
1.134277
-0.179356
-1.467067
1.395346
0.440836
0.565384
-0.693623
0.833869
-2.237378
1.097644
-0.001617
-1.614573
-1.228727
0.207405
0.220942
-1.006073
-0.453067
1.399453
-0.461964
0.032716
0.798783
0.896816
0.137892
-1.619146
-1.646606
0.428707
-0.737231
0.564926
-1.384167
0.460268
0.629384
0.379847
-1.013330
-0.347243
0.441912
-1.590240
-0.701417
-1.077601
1.002220
1.729481
0.709032
-0.747897
0.228862
-0.223497
-0.853275
0.345627
0.109764
-1.133039
-0.683124
-0.277856
0.654790
-1.248394
-0.597539
-0.481813
0.983372
1.762121
1.427402
0.911763
0.326823
0.069619
-1.499763
-0.418223
-0.021037
0.228425
-1.008196
-0.664622
0.558177
-1.188542
-0.775481
0.271042
1.534976
-1.052283
0.625559
-0.797626
-0.313522
-0.602210
1.259060
0.858484
-2.105292
-0.360937
0.553557
-1.556384
-0.206666
-0.425568
0.493778
-0.870908
0.079828
-0.521619
-1.413861
-0.384293
-0.457922
-0.291471
-0.301224
-1.588594
1.094287
1.324167
-0.126480
-0.737164
0.213719
-0.400529
0.064938
-1.757996
1.686748
0.327400
