-0.991370757012346
-1.03823910914782
-2.01680245431311
-1.1324462528222
-1.36034919975297
-1.0337469778153
-2.8831606110554
-0.663161318206916
-1.00035414369299
0.206677074691542
-1.02040494590571
-2.0119328922684
-0.0836918735837838
-2.38298487913561
-1.46955269777623
-1.80358925990435
-0.0973592007879487
-2.15586985246588
-0.895019718147868
-0.769784506734999
1.39568111509854
-0.917500018279184
-1.02488166971644
-0.247438218378367
-2.10784234547031
-3.22806107170528
0.226152117015051
0.560397054748937
-1.52432346817878
-0.582202412892755
-1.30744767517926
-0.440813010574235
1.69330758977152
0.0934567835411817
-0.901262608551161
-1.91776485017766
-2.76152800203441
-0.696298030148056
-1.52486689099881
0.467455342256837
-0.546368478857318
-0.59222031303198
-0.463777904939648
-0.92404310184298
-0.676044366968112
-2.35316648285837
-3.42261502716642
-0.655870050767959
1.46456956453342
1.99062594148916
-2.55640890950632
0.271734502106024
0.544720215532242
-0.196837707823062
-1.58580658032799
-0.112435929564968
-3.35672715317461
0.269861580274159
-2.10805174923412
-0.43726664502565
-0.75457663486179
-0.708094837808002
-0.0132413404211482
-0.898740485933195
-0.696485193863322
-0.955192473226754
0.435044924369688
-3.45929501289522
-0.0925394700076623
-0.49113523626661
-2.11844146457231
-0.486284016192133
-0.417702619794901
1.28681399691707
-1.0650913329291
-1.8984979266694
-0.312029241511299
-1.76204606244534
-2.02164142747696
0.349464484992854
0.359369816998849
1.24852246860984
-2.27076524926182
-0.801642596870256
1.48467422377203
-2.60470965230343
0.351729921268464
-1.58286779842867
-1.48598154502818
-0.0364957882640653
-1.5634100762831
0.323822091615858
-1.87364792664017
-2.70070056966163
-2.42179049284005
-0.203602175819146
-1.24871898358721
-1.82794922931353
-0.250417264529927
0.0976971500429726
-3.23353768699216
-0.934074623950452
-1.3155996557546
-2.24223782512244
-1.96793693412937
-2.29431042442923
-1.51164620073369
-2.18376725478417
-1.44360433942435
-1.16888560535301
-0.582527365744331
-1.10021719467338
-0.41631546165396
-1.28244486378212
-0.810351765081772
-0.990875351775871
-2.95722983124032
-1.84321923437168
-2.14236913971857
-2.6258639784298
-1.59315325972974
-1.27702658802193
-2.03652548156517
-1.19473062810902
-1.95213738391007
-0.627685669295111
-1.34566730081075
-0.933619201444083
-1.71290326500429
-2.67325886638217
-1.64691665136908
-1.44642531754984
-0.510077427015015
-0.550897932125388
-0.991314917324678
-1.04723203705056
0.693031733646908
-0.250409417137655
-0.813561951511486
0.0560754758177728
-1.18109054846051
-1.08711394449007
-1.38840291098318
0.238077005125806
-1.18444452329923
-1.26292676302028
-0.914128856782604
-2.40472483931656
-1.07515303825398
-0.276763835292163
0.474432351107563
0.485927348241682
-1.10991666461461
-0.759828357031101
-0.122291653573067
-0.776571055330624
-2.80726535900209
-3.61520829848198
-1.18790145432914
-1.13910054827571
-1.0608925893979
-0.655650975743722
-3.09778420041661
-2.14091719468245
0.905711358284113
-0.743675781721014
0.560970696472531
-0.663626099352554
0.332656930613725
-1.45932411743515
-1.18350542104977
0.835625465838577
-0.363485817225296
-2.37934737788529
-1.24545962547426
-0.642459524899179
-1.19228804675708
-2.09617343182416
-0.677923249049046
0.133927411798743
-0.392137407925807
-1.51647620268712
-4.24135209040008
0.692776065644017
0.328919050088687
-1.5834503538163
-0.870567661294344
-0.0194426638040054
0.58265253292304
-0.224337588194327
-1.10107865978418
-1.80965634795619
-0.47150692203164
-1.57839286466773
-1.71048598136556
-0.825088812268278
-0.15564996379282
-0.823124174611106
-0.961187725518749
-1.40583181263059
-1.84303184886992
-2.57236956419682
-0.186262420440635
-2.36323728427765
-0.09112496331997
0.0423258427810165
-1.68657222451011
-1.55420756443751
-1.53038079386729
-0.292541853181444
0.398845981064563
-0.723803066654181
-1.64744466319489
0.0205680979471439
-1.71445891772646
-0.298642737683977
0.546292488837129
-1.52037447223544
-1.7344973799053
-2.044781723496
-3.38988042460562
-0.614819268643685
-1.2877050465359
-0.607450063836682
-2.72133028918529
-0.29971489907459
-0.950115424798288
-1.38329711451843
-2.60511073044834
-2.29151976560929
-0.413635622746571
-1.3273730724735
-0.863692341791134
0.160489954098149
1.0227320457216
-1.51571146719152
-0.306808854624017
-1.30368563190252
-1.55782853500688
-0.570098180383423
-2.01193627517262
-0.173298069705047
-1.95297378654553
-3.19318923526041
0.0862214159630546
-0.965230572902014
-1.02804265694788
-1.6960192245267
-0.565793122156444
-0.548743579482194
-1.87859639702062
-0.114226128170872
-1.28657269909878
-2.041591908944
-3.2958469944321
-0.272229883310261
-1.63820446807745
-1.912754744168
-0.822847411355739
-0.463808007247235
-0.63666609812063
-0.483534000610228
-0.563701259400939
-2.29205922136968
-0.168556507062959
-1.61880056359657
0.491062491808712
-3.14826939884902
-1.75593916139038
-1.87190357780925
-0.106189353657437
-1.57134822425512
-1.8113064004097
-0.563573416962808
-1.88278068072202
0.214661808699969
-1.48578709475794
0.581305678077833
-0.206755228843095
-1.28973114691199
0.578711930446492
-0.206199069332779
0.935258936181269
-1.20212616675799
-0.579970093964809
0.0101726555205808
-0.584971194441305
-0.885764247416777
0.00174074297659477
-1.3887586626646
-2.37415885252914
-3.19562186438264
-0.902099022249243
-2.33890647522032
-0.0992326491170334
-2.68855326666836
-2.01349954716175
-0.67389712499458
-0.626611792789986
-2.23262397553438
-1.05157552658672
-0.748350385731965
-2.79176161393612
-2.35945453763702
-0.983071930036162
-1.79799840670482
-0.708483709977934
-3.21505531729928
-0.859910858828373
-1.33060803498157
-1.20281716737997
-1.35912964593912
-1.38225726778222
0.597899581952048
-1.02346776086085
-1.39354118774136
-0.662729163358297
-2.06062043729783
-0.416670775300715
-0.385295671591405
0.322826807984733
0.00731457727477802
-1.56014613638361
-2.58921737312731
-1.2640601851113
-0.210703678099428
-0.634982834283388
-0.669527730985059
-1.13958570114724
-1.1406491269044
-1.11532701359657
0.328160034855605
0.75351595212881
0.641289764415014
0.632253271063582
-1.35634074311622
-1.49765644642319
-1.24041765055533
0.0433469918953313
0.392443036020974
-1.08138996619783
0.249160642391043
-0.524037371244429
-0.530819322279317
-1.24143612030267
0.25915793865483
-0.0409131913845774
-1.88448207250096
-2.10017916253627
0.266832149734058
-0.242879494224813
-0.823313768579453
-1.63256168964911
-0.908847838925208
0.0190140437887369
0.471134493612998
2.10838078270546
-0.824329938806015
0.0667895362784836
-0.549255186880232
-1.73485540225619
-1.77299153544142
-2.55286184186938
1.65879404758987
-1.33507887802454
-0.249584546667677
1.48106015274535
-0.4749108876997
-0.343797242381019
0.821813421489051
-2.35187244447319
-0.208038703031329
-1.97744770061561
-0.266485565052309
-1.4778475129157
-0.79528112896434
0.320697126997457
-1.94468808388904
-0.481055498134987
-2.14835059617131
-0.652548258213594
-1.82689879660229
-1.4864567699744
-0.600358619605916
-1.26026274342746
0.101865101359799
-1.58486612304275
-1.31867682348625
-0.169028325747977
-1.13593118300228
-0.73728475514047
-1.01900050800537
-0.850139953037963
-0.925704766289739
-1.80310861365089
-0.528899783666349
-2.70465453112691
0.277284740924031
-0.600601742336097
-1.97328367081957
-2.39627654941314
0.986675370023355
-1.42789229054949
-0.819493444857714
-1.69355506398362
0.409884033758021
-1.62373586000116
-0.760501287487388
-2.07182394765174
-1.38615762983877
-1.41113200897073
-1.28059247888812
-0.637675857624603
-0.118869979427088
-0.85278107655463
-2.02173057792724
-0.587054035832348
-1.3623293448005
-0.378734341897691
-1.84094164527836
-1.74921801789255
-0.937630310869469
-1.22106925178252
-0.391077507762948
-3.08195309491987
-0.112167936823753
-0.252872965254211
0.100539548805942
-0.651480739871018
0.645420421495071
0.433090680478516
-1.85314606207573
-0.125837376403008
-1.20903672005722
0.175780190015355
-1.30046732402796
-2.41006347009715
-0.335872816360576
-1.18668111088253
-0.135789560385661
-1.45073433329909
-2.86295358755746
-2.0725880577862
-0.914464146468691
-1.60087404285959
1.37166071516625
-0.705246782102814
-0.779795035868308
-0.678228513515852
-0.827973655912932
-1.38474095743933
-2.33802366527546
0.804673905669787
0.610905918164342
-0.671179234595082
-1.19177039637797
0.34679623282509
-1.10796538532901
-0.362129269948789
-1.85045801345065
-0.333968496505224
-1.52078008842678
-2.19359515623338
-2.29512851167238
-2.14978767813281
-1.01885005448183
0.381086800953549
-0.0931555199408816
-1.5310582581408
-1.64678856945999
-2.91228011289074
-0.711571698139056
-1.69421357541496
0.0915298062481893
-1.42908030556118
-0.935528561514356
-1.37267813732999
0.00459934023501618
-0.105355847916326
0.153035663412584
-0.0253232241496577
-1.79324828344705
-0.0864203729160629
-2.52396068507333
-1.0415777163649
-1.15199459070429
1.2433634570635
-2.56163636594856
-1.76211860172931
0.359446869643168
-3.026642577959
-1.59488951261369
-0.0376305860145644
-1.09506010763943
-0.373818173253598
-2.87321418611161
-0.0976584278660852
-1.67697353907976
0.283213297235094
-0.678443030648228
-1.2922321062542
0.176779302911247
1.54982106473466
-1.83804403665823
-0.917944489165748
-3.46916679542129
0.611897102768561
0.359473165799869
-0.959928928166419
-1.19574318782012
-1.99285852657143
-2.48085975596991
-0.0362850345820817
-4.10164383644218
-1.55111324952136
-1.72223763452363
-1.27917610139253
-0.848951066149912
-1.448381518887
-0.55594851589324
-0.951520981108253
-0.850327126933009
-2.39863545365198
-1.2384281265551
-0.670103280392259
-2.68374842766974
-2.27312064241702
-1.60716480865955
-2.01767417677658
-1.07657414096127
-1.38748805512794
-2.07376663302644
0.917062015690601
-0.119874138148523
-0.727204872798887
-0.152927819013344
1.00179087623517
-1.68347069466945
-1.47493315330639
0.187272201453274
-3.17772280909041
-3.25494104510756
-4.2263970382038
-1.36280707971908
-1.86669093004499
-0.981814960187751
-0.642980840209529
-1.40695504797798
-2.5352228075734
-0.762454391367486
-0.745441098825901
-1.16346026667713
-0.573307598490723
-1.02394329990506
-2.30147528300168
-2.39669845818174
-0.615050187625275
-1.63985771024901
0.134441749509582
-2.90242231615369
-1.05844625015061
-0.87310382799925
-0.204443715756603
-0.406315435855333
-0.708775353538769
-1.16283214471973
-0.751948269977514
-1.9578281446851
-0.948446942268705
-1.29436757604848
-1.00123174461703
-1.2251553204262
-1.19229328643518
-0.450647415741288
-1.43206511308883
-0.245931490017121
-0.885669280019247
-1.99361660882574
-2.42072400680522
-0.103875586377447
-1.97998794486885
0.111967180017925
-1.38387347374629
-1.53013144664612
-3.02192452023277
0.395857878009344
-1.47907224519602
-0.975746373647756
0.411627858413236
-2.60051244115544
-1.44226932517398
0.808010707407155
-1.81356280414815
-1.46522933280973
-1.5845623642436
-0.141214651355981
-1.02228378294362
-1.25086208078095
0.214304666775028
0.354992558785129
-0.898266366047983
-1.71855761141578
-0.608175027370644
-0.674649844780163
-3.16917870878069
-1.69112307701888
-1.75490211758422
-1.64182444100463
0.168546798902097
-1.79447445057391
0.130842219682297
-0.899255880406701
-0.703441653253104
-1.32012948757078
-1.47438927796176
-1.28913301693105
-1.98511475944788
-2.13928757731472
0.840265804379203
-1.93281685121442
-0.683694468215996
-1.00272128725513
-1.03905447833263
-0.818032580110909
-1.91081008553262
-1.95346127838598
-0.837194745948685
-1.13409305768958
-0.924707269199873
-0.298091726063634
2.00767510679395
-2.1465953188844
-0.787565483763926
-1.11092913903049
-1.3097802373659
-1.67150046683743
-2.21652051473389
-2.49042158465308
0.452897577260541
-1.87731475236766
-0.281429503809552
-0.539416122108226
-3.02572875063071
-1.41349927173423
-0.0118446920649583
-1.39830639630636
-1.92905785593667
0.102863976514454
-0.344962756309759
-0.385742556144401
1.31970907136277
-1.47692041182341
-2.42150539561072
-1.8856104189618
-0.0738340242934573
-0.282965774896686
-0.404830103518281
0.0565679154871865
-1.1852360484248
-1.2995581385457
-1.37554728923089
-1.8642901396212
-0.0107184740196005
-2.03556062661431
-1.11018390684665
0.0520556037216671
-2.36975523065226
-0.717363213743379
-1.08380151779319
-1.3778529253119
-0.271449107786838
-2.51812693090941
-1.30450690162935
-0.0428332787479905
1.98067880554356
-0.448258354134926
-1.03136821644932
-0.0443593754064586
-1.33644098571767
-0.881802240598276
-0.797498751069646
-0.773868993373334
-0.629304149190979
-1.10364438107235
0.348249669901094
-1.9754379277852
-0.707324007039894
-2.60002729098607
-0.235350365977189
0.171070425003642
-0.507477787541895
-2.64311815012101
-0.313348995907241
-1.74819206441127
0.97288848914412
-1.60811186052939
-0.768038733571062
-2.07197110281954
-0.766425381901202
-0.0492755185866277
-0.438448718805569
-0.197363105677948
-1.62376936634695
-1.18517732696897
-0.049117224175409
-1.60425009779945
-3.06698765310526
-0.52999629726072
-0.887967361646509
-2.30406114268
0.249146421585291
-1.76970469890315
-0.037323804484476
-2.18256655544244
-0.716232311613137
-0.660842279979618
-1.4793519033802
-1.37745463485695
-0.738401177152363
-1.79271078124057
0.815453974093594
-1.38377338612113
-2.23350662284791
-1.13925223091134
-0.47224296475597
-1.16404764140781
-1.20052364687691
-0.438475928371441
-1.09346457542212
1.45517368479595
-0.734002499151252
-2.4802050200847
-0.752489986753964
0.29492910915105
-0.0923662784599865
-0.295330254950308
-1.25252319148571
-0.306324005870856
-2.07582957511379
-0.517653490659788
-0.766297669698298
-1.90765497416455
-1.45218550176472
-1.2799994301246
0.271144492050308
-0.906372772971134
-0.413625660540077
0.616600644422744
-0.285229583617226
-3.16473041974017
-1.58496911312828
0.558377041070919
0.604608115638315
-2.7181031892352
-1.59064915484739
-2.1455877494618
-0.895124389600237
-0.594922975676241
-2.70726613787962
-2.06795897097957
0.0191274030045099
0.0884392802664731
-0.983687820301931
-0.109176371574796
0.440467108614517
-1.56558191632253
-1.28503182378372
0.647074342109748
0.300651046595139
1.36812034988616
-3.88361567047328
-1.58526824752808
0.0528856074101565
-1.51077221717196
-0.0608303797771207
-0.780809604890185
-0.973579625539104
-1.4202112083924
-0.656454072428862
0.127356646510378
-0.451376715805666
-3.29889650622837
-2.6979698831319
-0.895985945383221
-0.475686583006102
-0.0944815522617388
-0.314253701874179
-1.41189412931915
-1.65719670599669
-1.84225853698651
-1.39955408805902
-1.30140647364499
-2.05357591120617
-1.23268193623807
-0.0506469851125175
-1.58249403227714
-2.82953335375097
-0.813422489292439
-1.33826849069305
-0.213337659488676
-1.18023294424648
-1.82920138768345
-0.653561652816336
-1.05307213871069
-0.793085159058681
-1.29510464354224
-0.872514781504736
-0.847907849356475
0.823573753370181
-0.134533391599058
-1.94090928412398
-0.417771046537261
-0.675582810995187
-1.05485096928536
-2.44399501455262
-1.88024449483438
0.890362077841038
-0.694787655233026
-1.49044448628813
-0.12686823737463
0.90827827658956
0.178771759841151
-1.11282994365036
-1.41863989020931
-0.801781942201919
-1.96829275633059
-1.21985905844016
-0.168766354229772
-0.813486610535749
-0.732188752621396
-2.68111591681297
-1.25632236983705
-0.385322390500265
-1.50795963905953
-1.94681784257112
-0.72773025190885
-0.725594494808245
-0.524986389083937
0.132953729530017
-0.485992056049326
-1.50829599949981
-1.99492344049575
-2.48866920689483
-2.40761950917873
-0.491462410776485
0.0066623226620286
-0.8832057587178
-1.57843880767148
-2.57379969771614
-0.86181732724885
0.0894238058912347
0.339251960941128
-1.23966152724138
-1.19991078532543
-2.89344048393786
-0.537084094909215
-1.49877442049347
-1.46502191208093
-0.291067901300158
0.372598293860668
-1.07928478585949
-1.1962130816251
-0.337058926439096
-0.0306259368099239
-2.13490704588412
-0.918804067875329
-2.86204609053436
-2.279634354543
-1.18269587070202
-1.01564676931449
-1.81577874834608
0.577601056681782
-1.69878041800065
0.581072654754605
-1.58785956003216
-1.3029331103819
-0.682823377910995
-2.7819278989709
-1.61192261606547
-0.540425436912701
-1.02457853150542
-1.3963560408577
0.657313392540954
-2.1589568494493
-1.31404337016396
-1.26840731417392
0.838304284182246
-0.304980388501106
-0.628227524038201
-0.124075792848792
-2.0459370006546
-1.66656914210179
-3.31242722879084
1.25989124805417
-0.548955986142726
-1.9264442270984
0.05783928926127
-0.891248033898382
-1.02082711897274
-3.32149010555524
-1.78906059181247
-0.640016399771168
-1.62105448642491
-1.71758992596475
-1.95705198945225
-1.36995194725761
-1.44450000556867
-0.343967417948472
-0.395430722110718
0.0556317277147884
-1.55696066363967
2.7078665841652
-1.91554770556459
-0.766169367978999
0.345427467255815
-1.24629605868714
-2.63245153398946
-0.400659725334514
-1.88895187693854
-1.20331354343481
-1.03022627199733
-3.12443541239862
0.223880749686684
-3.69530812434353
-0.264115564429153
-2.34772145604952
-1.18264191559722
-1.89905445284827
-1.80137565339031
0.638807313634997
-0.892112895505775
-0.743412000464246
0.132478676843762
-0.160813156537048
-1.82077083694725
-0.902210618128524
-1.07152391832857
-0.461107051000735
-0.629070688059128
-0.652062651629463
-1.74797726433765
-2.31208898651453
-2.03804162713946
-0.681291784253492
-1.01448977755481
-1.15841437015551
-0.660834683333519
0.34786805681228
-1.0661673821275
-1.40630568403831
-0.751337292283371
0.183897034759132
-3.07195669639603
-0.673704164148016
-1.52278203977574
-1.12990520850175
-1.12054694978429
-1.61536523300434
-0.964418805414168
-1.62810313347708
-1.92417073602964
-0.606968670009927
-1.48789387641557
-1.35180945627251
-1.53257891639991
-0.876032782249084
-1.14982481539264
-1.54162127626213
-1.45900086594359
-0.983707265842641
-0.934073430836791
-0.302752251065103
-1.69604687913378
-0.749038341943226
-0.735833360232737
-0.717786979622776
-1.00501042253103
-0.677431102559226
-2.26659120657383
-1.6865013741215
-0.935448032148636
0.58794710573634
0.630536945364354
-0.638891699189741
-0.94765013136836
0.938721812814181
0.947257729499378
-2.09223642277464
-1.42346430367019
-0.0575809700181907
-2.02412090210327
-2.29687650994513
-1.61588676982624
-0.789539069639603
-0.746912895389757
-2.34067253723883
-0.332403757961888
-0.927814483228403
-1.02606345926641
0.727278639713078
